g promedio: 10.0537

g's = [10.236974789916507, 9.609890109889266, 10.90336134453795, 9.66160990712074, 10.538080495356143, 9.372527472526656]

Desviación estándar: 0.5077733430026569

g estimada: 9.797872095016176


Tiempo: [3.5, 3.5416666666666665, 3.583333333333333, 3.625, 3.6666666666666665, 3.708333333333333, 3.75, 3.7916666666666665, 3.833333333333333, 3.875, 3.9166666666666665, 3.958333333333333, 4.0, 4.041666666666666, 4.083333333333333, 4.125]

Posicion: [1.9863333333333335, 2.069666666666667, 2.1113333333333335, 2.153, 2.1738333333333335, 2.1863333333333337, 2.182166666666667, 2.1613333333333333, 2.119666666666667, 2.0613333333333337, 1.9780000000000002, 1.8780000000000001, 1.7530000000000001, 1.6113333333333335, 1.4530000000000003, 1.3030000000000002]

Valor_g: [1.9784391339868108, 2.05743014705871, 2.1186486344536632, 2.1620945961716984, 2.1877680322128015, 2.1956689425769156, 2.18579732726414, 2.1581531862744185, 2.1127365196077648, 2.0495473272641505, 1.968585609243604, 1.8698513655461397, 1.7533445961717007, 1.6190653011203437, 1.467013480392069, 1.2971891339868051]


